V 54
K 1
D 0 -254000 4318000 0
Y 1
U 3937000 762000 254000 0 2 3 REFDES=IC?
U 3937000 508000 254000 0 2 3 DEVICE=AHE300G-PA4-B
U 3937000 254000 254000 0 2 0 PKG_TYPE=AHE300GPA4B
U 3937000 0 254000 0 2 0 Description=Hall Element SIP-4MA BULK 0.5K
U 3937000 -254000 254000 0 2 0 Datasheet Link=https://www.diodes.com/datasheet/download/AHE300.pdf
U 3937000 -508000 254000 0 2 0 Height=5
U 3937000 -762000 254000 0 2 0 Manufacturer_Name=Diodes Incorporated
U 3937000 -1016000 254000 0 2 0 Manufacturer_Part_Number=AHE300G-PA4-B
U 3937000 -1270000 254000 0 2 0 Mouser Part Number=
U 3937000 -1524000 254000 0 2 0 Mouser Price/Stock=
U 3937000 -1778000 254000 0 2 0 Arrow Part Number=
U 3937000 -2032000 254000 0 2 0 Arrow Price/Stock=
U 0 0 254000 0 1 0 FORWARD_PCB=1
l 5 508000 254000 3810000 254000 3810000 -508000 508000 -508000 508000 254000
|GRPHSTL -1 -1 -1 1
P 1 0 0 508000 0 0 2 0
L 584200 0 228600 0 2 0 1 0 INPUT(+-)
A 355600 50800 203200 0 9 3 #=1
A 0 0 9 0 3 0 PINTYPE=BI
P 2 4318000 0 3810000 0 0 3 0
L 3733800 0 228600 0 8 0 1 0 OUTPUT(+-)
A 3962400 50800 203200 0 3 3 #=2
A 0 0 9 0 3 0 PINTYPE=BI
P 3 0 -254000 508000 -254000 0 2 0
L 584200 -254000 228600 0 2 0 1 0 INPUT(-+)
A 355600 -203200 203200 0 9 3 #=3
A 0 0 9 0 3 0 PINTYPE=BI
P 4 4318000 -254000 3810000 -254000 0 3 0
L 3733800 -254000 228600 0 8 0 1 0 OUTPUT(-+)
A 3962400 -203200 203200 0 3 3 #=4
A 0 0 9 0 3 0 PINTYPE=BI
E
